x,t=1.00e+00s,t=3.00e+00s,t=5.00e+00s
1.010101010101010187e-02,3.010305070911127867e+00,7.010305070910862746e+00,1.101030507091069310e+01
0.000000000000000000e+00,2.999999999999996447e+00,6.999999999999732658e+00,1.099999999999956835e+01
2.020202020202020374e-02,3.021018263442502239e+00,7.021018263442239338e+00,1.102101826344207680e+01
1.010101010101010187e-02,3.010305070911127867e+00,7.010305070910862746e+00,1.101030507091069310e+01
3.030303030303030387e-02,3.032139577594119118e+00,7.032139577593855329e+00,1.103213957759368746e+01
2.020202020202020374e-02,3.021018263442502239e+00,7.021018263442239338e+00,1.102101826344207147e+01
4.040404040404040747e-02,3.043669013365979392e+00,7.043669013365716047e+00,1.104366901336554818e+01
3.030303030303030387e-02,3.032139577594118673e+00,7.032139577593855329e+00,1.103213957759368924e+01
5.050505050505051108e-02,3.055606570758081286e+00,7.055606570757818830e+00,1.105560657075765185e+01
4.040404040404040747e-02,3.043669013365979836e+00,7.043669013365716935e+00,1.104366901336554996e+01
6.060606060606060774e-02,3.067952249770427464e+00,7.067952249770163675e+00,1.106795224977000203e+01
5.050505050505051108e-02,3.055606570758082619e+00,7.055606570757818830e+00,1.105560657075764830e+01
7.070707070707071829e-02,3.080706050403015261e+00,7.080706050402751472e+00,1.108070605040258627e+01
6.060606060606060774e-02,3.067952249770427908e+00,7.067952249770164563e+00,1.106795224976999670e+01
8.080808080808081495e-02,3.093867972655847343e+00,7.093867972655583998e+00,1.109386797265541880e+01
7.070707070707071829e-02,3.080706050403016150e+00,7.080706050402755025e+00,1.108070605040258449e+01
9.090909090909091161e-02,3.107438016528922375e+00,7.107438016528658586e+00,1.110743801652849072e+01
8.080808080808081495e-02,3.093867972655847343e+00,7.093867972655583998e+00,1.109386797265541880e+01
1.010101010101010222e-01,3.121416182022236363e+00,7.121416182021977903e+00,1.112141618202180737e+01
9.090909090909091161e-02,3.107438016528921931e+00,7.107438016528659475e+00,1.110743801652848894e+01
1.111111111111111188e-01,3.135802469135798631e+00,7.135802469135539283e+00,1.113580246913536698e+01
1.010101010101010222e-01,3.121416182022238139e+00,7.121416182021975239e+00,1.112141618202180737e+01
1.212121212121212155e-01,3.150596877869599854e+00,7.150596877869340950e+00,1.115059687786917308e+01
1.111111111111111188e-01,3.135802469135797299e+00,7.135802469135536619e+00,1.113580246913536520e+01
1.313131313131313260e-01,3.165799408223646250e+00,7.165799408223388234e+00,1.116579940822321504e+01
1.212121212121212155e-01,3.150596877869599854e+00,7.150596877869337398e+00,1.115059687786916776e+01
1.414141414141414366e-01,3.181410060197934264e+00,7.181410060197673140e+00,1.118141006019750350e+01
1.313131313131313260e-01,3.165799408223646250e+00,7.165799408223384681e+00,1.116579940822321149e+01
1.515151515151515194e-01,3.197428833792464786e+00,7.197428833792204550e+00,1.119742883379203846e+01
1.414141414141414366e-01,3.181410060197935152e+00,7.181410060197674028e+00,1.118141006019749994e+01
1.616161616161616299e-01,3.213855729007239148e+00,7.213855729006977135e+00,1.121385572900680394e+01
1.515151515151515194e-01,3.197428833792465230e+00,7.197428833792205438e+00,1.119742883379203668e+01
1.717171717171717404e-01,3.230690745842256018e+00,7.230690745841995337e+00,1.123069074584182658e+01
1.616161616161616299e-01,3.213855729007238260e+00,7.213855729006979800e+00,1.121385572900680394e+01
1.818181818181818232e-01,3.247933884297516727e+00,7.247933884297258267e+00,1.124793388429708685e+01
1.717171717171717404e-01,3.230690745842256462e+00,7.230690745841995337e+00,1.123069074584182481e+01
1.919191919191919338e-01,3.265585144373018167e+00,7.265585144372757043e+00,1.126558514437259007e+01
1.818181818181818232e-01,3.247933884297516283e+00,7.247933884297255602e+00,1.124793388429708330e+01
2.020202020202020443e-01,3.283644526068763003e+00,7.283644526068504099e+00,1.128364452606833090e+01
1.919191919191919338e-01,3.265585144373018167e+00,7.265585144372757043e+00,1.126558514437258829e+01
2.121212121212121271e-01,3.302112029384753011e+00,7.302112029384493219e+00,1.130211202938432002e+01
2.020202020202020443e-01,3.283644526068763891e+00,7.283644526068503211e+00,1.128364452606833446e+01
2.222222222222222376e-01,3.320987654320981974e+00,7.320987654320721738e+00,1.132098765432055387e+01
2.121212121212121271e-01,3.302112029384753011e+00,7.302112029384490555e+00,1.130211202938431825e+01
2.323232323232323482e-01,3.340271400877456554e+00,7.340271400877196761e+00,1.134027140087702179e+01
2.222222222222222376e-01,3.320987654320983307e+00,7.320987654320724403e+00,1.132098765432055387e+01
2.424242424242424310e-01,3.359963269054173196e+00,7.359963269053912960e+00,1.135996326905374332e+01
2.323232323232323482e-01,3.340271400877456554e+00,7.340271400877198538e+00,1.134027140087702534e+01
2.525252525252525415e-01,3.380063258851132790e+00,7.380063258850872110e+00,1.138006325885070069e+01
2.424242424242424310e-01,3.359963269054172308e+00,7.359963269053915624e+00,1.135996326905373977e+01
2.626262626262626521e-01,3.400571370268335336e+00,7.400571370268076876e+00,1.140057137026789924e+01
2.525252525252525415e-01,3.380063258851132346e+00,7.380063258850870334e+00,1.138006325885070424e+01
2.727272727272727626e-01,3.421487603305779945e+00,7.421487603305521930e+00,1.142148760330534785e+01
2.626262626262626521e-01,3.400571370268334004e+00,7.400571370268074212e+00,1.140057137026789924e+01
2.828282828282828731e-01,3.442811957963467950e+00,7.442811957963208158e+00,1.144281195796303408e+01
2.727272727272727626e-01,3.421487603305779945e+00,7.421487603305521930e+00,1.142148760330534785e+01
2.929292929292929282e-01,3.464544434241398019e+00,7.464544434241140003e+00,1.146454443424097214e+01
2.828282828282828731e-01,3.442811957963468394e+00,7.442811957963207270e+00,1.144281195796303052e+01
3.030303030303030387e-01,3.486685032139572371e+00,7.486685032139315688e+00,1.148668503213913894e+01
2.929292929292929282e-01,3.464544434241398463e+00,7.464544434241137338e+00,1.146454443424096681e+01
3.131313131313131493e-01,3.509233751657988343e+00,7.509233751657728106e+00,1.150923375165755580e+01
3.030303030303030387e-01,3.486685032139571039e+00,7.486685032139312135e+00,1.148668503213914072e+01
3.232323232323232598e-01,3.532190592796647266e+00,7.532190592796389694e+00,1.153219059279621916e+01
3.131313131313131493e-01,3.509233751657987899e+00,7.509233751657728106e+00,1.150923375165755402e+01
3.333333333333333703e-01,3.555555555555549141e+00,7.555555555555291569e+00,1.155555555555512015e+01
3.232323232323232598e-01,3.532190592796648154e+00,7.532190592796387918e+00,1.153219059279621206e+01
3.434343434343434809e-01,3.579328639934694856e+00,7.579328639934436396e+00,1.157932863993426409e+01
3.333333333333333703e-01,3.555555555555550029e+00,7.555555555555291569e+00,1.155555555555511660e+01
3.535353535353535914e-01,3.603509845934083966e+00,7.603509845933822398e+00,1.160350984593365453e+01
3.434343434343434809e-01,3.579328639934694856e+00,7.579328639934439060e+00,1.157932863993425876e+01
3.636363636363636465e-01,3.628099173553713364e+00,7.628099173553454015e+00,1.162809917355328082e+01
3.535353535353535914e-01,3.603509845934082634e+00,7.603509845933825062e+00,1.160350984593365098e+01
3.737373737373737570e-01,3.653096622793586157e+00,7.653096622793331250e+00,1.165309662279315361e+01
3.636363636363636465e-01,3.628099173553713808e+00,7.628099173553454904e+00,1.162809917355327904e+01
3.838383838383838675e-01,3.678502193653703678e+00,7.678502193653443442e+00,1.167850219365327291e+01
3.737373737373737570e-01,3.653096622793586157e+00,7.653096622793331250e+00,1.165309662279315361e+01
3.939393939393939781e-01,3.704315886134061930e+00,7.704315886133806579e+00,1.170431588613362983e+01
3.838383838383838675e-01,3.678502193653703678e+00,7.678502193653443442e+00,1.167850219365327114e+01
4.040404040404040886e-01,3.730537700234663578e+00,7.730537700234406451e+00,1.173053770023423148e+01
3.939393939393939781e-01,3.704315886134063263e+00,7.704315886133806579e+00,1.170431588613363338e+01
4.141414141414141992e-01,3.757167635955508622e+00,7.757167635955252827e+00,1.175716763595507963e+01
4.040404040404040886e-01,3.730537700234664467e+00,7.730537700234406451e+00,1.173053770023423148e+01
4.242424242424242542e-01,3.784205693296596618e+00,7.784205693296337714e+00,1.178420569329616896e+01
4.141414141414141992e-01,3.757167635955508178e+00,7.757167635955253715e+00,1.175716763595507253e+01
4.343434343434343647e-01,3.811651872257927565e+00,7.811651872257669105e+00,1.181165187225749591e+01
4.242424242424242542e-01,3.784205693296597062e+00,7.784205693296339490e+00,1.178420569329616185e+01
4.444444444444444753e-01,3.839506172839500575e+00,7.839506172839242559e+00,1.183950617283906581e+01
4.343434343434343647e-01,3.811651872257927121e+00,7.811651872257670881e+00,1.181165187225749591e+01
4.545454545454545858e-01,3.867768595041316093e+00,7.867768595041059854e+00,1.186776859504088222e+01
4.444444444444444753e-01,3.839506172839500575e+00,7.839506172839242559e+00,1.183950617283906581e+01
4.646464646464646964e-01,3.896439138863376339e+00,7.896439138863118323e+00,1.189643913886294158e+01
4.545454545454545858e-01,3.867768595041316093e+00,7.867768595041058965e+00,1.186776859504088577e+01
4.747474747474748069e-01,3.925517804305677760e+00,7.925517804305422409e+00,1.192551780430524566e+01
4.646464646464646964e-01,3.896439138863376339e+00,7.896439138863116547e+00,1.189643913886294335e+01
4.848484848484848619e-01,3.955004591368221689e+00,7.955004591367965894e+00,1.195500459136778559e+01
4.747474747474748069e-01,3.925517804305677760e+00,7.925517804305418856e+00,1.192551780430524744e+01
4.949494949494949725e-01,3.984899500051009902e+00,7.984899500050751442e+00,1.198489950005058091e+01
4.848484848484848619e-01,3.955004591368220801e+00,7.955004591367966782e+00,1.195500459136778737e+01
5.050505050505050830e-01,4.015202530354041066e+00,8.015202530353780830e+00,1.201520253035360319e+01
4.949494949494949725e-01,3.984899500051009014e+00,7.984899500050754106e+00,1.198489950005057914e+01
5.151515151515152491e-01,4.045913682277311629e+00,8.045913682277053169e+00,1.204591368227688086e+01
5.050505050505050830e-01,4.015202530354040178e+00,8.015202530353786159e+00,1.201520253035360675e+01
5.252525252525253041e-01,4.077032955820829585e+00,8.077032955820572013e+00,1.207703295582039615e+01
5.151515151515152491e-01,4.045913682277310741e+00,8.045913682277053169e+00,1.204591368227688086e+01
5.353535353535353591e-01,4.108560350984586940e+00,8.108560350984333809e+00,1.210856035098415440e+01
5.252525252525253041e-01,4.077032955820827809e+00,8.077032955820568461e+00,1.207703295582039438e+01
5.454545454545455252e-01,4.140495867768589022e+00,8.140495867768333227e+00,1.214049586776815381e+01
5.353535353535353591e-01,4.108560350984589604e+00,8.108560350984332032e+00,1.210856035098415440e+01
5.555555555555555802e-01,4.172839506172833168e+00,8.172839506172572044e+00,1.217283950617239974e+01
5.454545454545455252e-01,4.140495867768589910e+00,8.140495867768335003e+00,1.214049586776815559e+01
5.656565656565657463e-01,4.205591266197319378e+00,8.205591266197064471e+00,1.220559126619688506e+01
5.555555555555555802e-01,4.172839506172834945e+00,8.172839506172579149e+00,1.217283950617240151e+01
5.757575757575758013e-01,4.238751147842052980e+00,8.238751147841794520e+00,1.223875114784161688e+01
5.656565656565657463e-01,4.205591266197320266e+00,8.205591266197062694e+00,1.220559126619688683e+01
5.858585858585858563e-01,4.272319151107025981e+00,8.272319151106763968e+00,1.227231915110659344e+01
5.757575757575758013e-01,4.238751147842051203e+00,8.238751147841789191e+00,1.223875114784161511e+01
5.959595959595960224e-01,4.306295275992241045e+00,8.306295275991981697e+00,1.230629527599180406e+01
5.858585858585858563e-01,4.272319151107024204e+00,8.272319151106767521e+00,1.227231915110659521e+01
6.060606060606060774e-01,4.340679522497698173e+00,8.340679522497440601e+00,1.234067952249726474e+01
5.959595959595960224e-01,4.306295275992241045e+00,8.306295275991983473e+00,1.230629527599180406e+01
6.161616161616162435e-01,4.375471890623400029e+00,8.375471890623142457e+00,1.237547189062296127e+01
6.060606060606060774e-01,4.340679522497699061e+00,8.340679522497444154e+00,1.234067952249726829e+01
6.262626262626262985e-01,4.410672380369343948e+00,8.410672380369087264e+00,1.241067238036892029e+01
6.161616161616162435e-01,4.375471890623400029e+00,8.375471890623142457e+00,1.237547189062295949e+01
6.363636363636364646e-01,4.446280991735531707e+00,8.446280991735273247e+00,1.244628099173509561e+01
6.262626262626262985e-01,4.410672380369343948e+00,8.410672380369087264e+00,1.241067238036891318e+01
6.464646464646465196e-01,4.482297724721962418e+00,8.482297724721705734e+00,1.248229772472152810e+01
6.363636363636364646e-01,4.446280991735531707e+00,8.446280991735269694e+00,1.244628099173509561e+01
6.565656565656565746e-01,4.518722579328635192e+00,8.518722579328379396e+00,1.251872257932820176e+01
6.464646464646465196e-01,4.482297724721960641e+00,8.482297724721703958e+00,1.248229772472152277e+01
6.666666666666667407e-01,4.555555555555550029e+00,8.555555555555292457e+00,1.255555555555511305e+01
6.565656565656565746e-01,4.518722579328636080e+00,8.518722579328374067e+00,1.251872257932819998e+01
6.767676767676767957e-01,4.592796653402708706e+00,8.592796653402450247e+00,1.259279665340227083e+01
6.666666666666667407e-01,4.555555555555550029e+00,8.555555555555290681e+00,1.255555555555511660e+01
6.868686868686869618e-01,4.630445872870111224e+00,8.630445872869847435e+00,1.263044587286967868e+01
6.767676767676767957e-01,4.592796653402708706e+00,8.592796653402453799e+00,1.259279665340227261e+01
6.969696969696970168e-01,4.668503213957754916e+00,8.668503213957492903e+00,1.266850321395731527e+01
6.868686868686869618e-01,4.630445872870108559e+00,8.630445872869854540e+00,1.263044587286967690e+01
7.070707070707071829e-01,4.706968676665640672e+00,8.706968676665381324e+00,1.270696867666520546e+01
6.969696969696970168e-01,4.668503213957754916e+00,8.668503213957498232e+00,1.266850321395732237e+01
7.171717171717172379e-01,4.745842260993770267e+00,8.745842260993512696e+00,1.274584226099333151e+01
7.070707070707071829e-01,4.706968676665641560e+00,8.706968676665381324e+00,1.270696867666521079e+01
7.272727272727272929e-01,4.785123966942144591e+00,8.785123966941885243e+00,1.278512396694170761e+01
7.171717171717172379e-01,4.745842260993770267e+00,8.745842260993509143e+00,1.274584226099333151e+01
7.373737373737374590e-01,4.824813794510759202e+00,8.824813794510500742e+00,1.282481379451033021e+01
7.272727272727272929e-01,4.785123966942143703e+00,8.785123966941885243e+00,1.278512396694170761e+01
7.474747474747475140e-01,4.864911743699617652e+00,8.864911743699360969e+00,1.286491174369918333e+01
7.373737373737374590e-01,4.824813794510759202e+00,8.824813794510498965e+00,1.282481379451032133e+01
7.575757575757576801e-01,4.905417814508718166e+00,8.905417814508458818e+00,1.290541781450828474e+01
7.474747474747475140e-01,4.864911743699619429e+00,8.864911743699359192e+00,1.286491174369918333e+01
7.676767676767677351e-01,4.946332006938062520e+00,8.946332006937799619e+00,1.294633200693763087e+01
7.575757575757576801e-01,4.905417814508719054e+00,8.905417814508460594e+00,1.290541781450827941e+01
7.777777777777777901e-01,4.987654320987649825e+00,8.987654320987392254e+00,1.298765432098721462e+01
7.676767676767677351e-01,4.946332006938063408e+00,8.946332006937803172e+00,1.294633200693762554e+01
7.878787878787879562e-01,5.029384756657480970e+00,9.029384756657215405e+00,1.302938475665704132e+01
7.777777777777777901e-01,4.987654320987648937e+00,8.987654320987395806e+00,1.298765432098721639e+01
7.979797979797980112e-01,5.071523313947551515e+00,9.071523313947293943e+00,1.307152331394711986e+01
7.878787878787879562e-01,5.029384756657478306e+00,9.029384756657215405e+00,1.302938475665703777e+01
8.080808080808081773e-01,5.114069992857866787e+00,9.114069992857606550e+00,1.311406999285743247e+01
7.979797979797980112e-01,5.071523313947553291e+00,9.071523313947293943e+00,1.307152331394711631e+01
8.181818181818182323e-01,5.157024793388425898e+00,9.157024793388165662e+00,1.315702479338799513e+01
8.080808080808081773e-01,5.114069992857866787e+00,9.114069992857604774e+00,1.311406999285742714e+01
8.282828282828283983e-01,5.200387715539227074e+00,9.200387715538965949e+00,1.320038771553879009e+01
8.181818181818182323e-01,5.157024793388425898e+00,9.157024793388165662e+00,1.315702479338799158e+01
8.383838383838384534e-01,5.244158759310271201e+00,9.244158759310012741e+00,1.324415875930983511e+01
8.282828282828283983e-01,5.200387715539227074e+00,9.200387715538962397e+00,1.320038771553878654e+01
8.484848484848485084e-01,5.288337924701558279e+00,9.288337924701298931e+00,1.328833792470112485e+01
8.383838383838384534e-01,5.244158759310269424e+00,9.244158759310007412e+00,1.324415875930982978e+01
8.585858585858586745e-01,5.332925211713086533e+00,9.332925211712826297e+00,1.333292521171265044e+01
8.484848484848485084e-01,5.288337924701558279e+00,9.288337924701298931e+00,1.328833792470112130e+01
8.686868686868687295e-01,5.377920620344858627e+00,9.377920620344600167e+00,1.337792062034441720e+01
8.585858585858586745e-01,5.332925211713086533e+00,9.332925211712826297e+00,1.333292521171264866e+01
8.787878787878788955e-01,5.423324150596875448e+00,9.423324150596613435e+00,1.342332415059644113e+01
8.686868686868687295e-01,5.377920620344859515e+00,9.377920620344600167e+00,1.337792062034441898e+01
8.888888888888889506e-01,5.469135802469132557e+00,9.469135802468873209e+00,1.346913580246869557e+01
8.787878787878788955e-01,5.423324150596874560e+00,9.423324150596611659e+00,1.342332415059643402e+01
8.989898989898991166e-01,5.515355575961635282e+00,9.515355575961372381e+00,1.351535557596119297e+01
8.888888888888889506e-01,5.469135802469132557e+00,9.469135802468874985e+00,1.346913580246869557e+01
9.090909090909091717e-01,5.561983471074377405e+00,9.561983471074114505e+00,1.356198347107394397e+01
8.989898989898991166e-01,5.515355575961632617e+00,9.515355575961372381e+00,1.351535557596119475e+01
9.191919191919192267e-01,5.609019487807364257e+00,9.609019487807101356e+00,1.360901948780692017e+01
9.090909090909091717e-01,5.561983471074376517e+00,9.561983471074114505e+00,1.356198347107393687e+01
9.292929292929293927e-01,5.656463626160594949e+00,9.656463626160332936e+00,1.365646362616014819e+01
9.191919191919192267e-01,5.609019487807363369e+00,9.609019487807101356e+00,1.360901948780693083e+01
9.393939393939394478e-01,5.704315886134065927e+00,9.704315886133802138e+00,1.370431588613362450e+01
9.292929292929293927e-01,5.656463626160592284e+00,9.656463626160331160e+00,1.365646362616014997e+01
9.494949494949496138e-01,5.752576267727782522e+00,9.752576267727517845e+00,1.375257626772734554e+01
9.393939393939394478e-01,5.704315886134065039e+00,9.704315886133803915e+00,1.370431588613362628e+01
9.595959595959596689e-01,5.801244770941736739e+00,9.801244770941474727e+00,1.380124477094129887e+01
9.494949494949496138e-01,5.752576267727781634e+00,9.752576267727514292e+00,1.375257626772734021e+01
9.696969696969697239e-01,5.850321395775941014e+00,9.850321395775674560e+00,1.385032139577549515e+01
9.595959595959596689e-01,5.801244770941736739e+00,9.801244770941472950e+00,1.380124477094129887e+01
9.797979797979798899e-01,5.899806142230382022e+00,9.899806142230120898e+00,1.389980614222994149e+01
9.696969696969697239e-01,5.850321395775941014e+00,9.850321395775674560e+00,1.385032139577550048e+01
9.898989898989899450e-01,5.949699010305068647e+00,9.949699010304803082e+00,1.394969901030462900e+01
9.797979797979798899e-01,5.899806142230382910e+00,9.899806142230119121e+00,1.389980614222993971e+01
1.000000000000000000e+00,5.999999999999998224e+00,9.999999999999731770e+00,1.399999999999955413e+01
9.898989898989899450e-01,5.949699010305067759e+00,9.949699010304806635e+00,1.394969901030462900e+01
